0.010000 1.000000
0.011000 79.411919
0.012000 50.919983
0.013000 25.509718
0.014000 9.416312
0.015000 4.087987
0.016000 6.551270
0.017000 12.028050
0.018000 16.889603
0.019000 20.163679
0.020000 22.963531
0.021000 26.600594
0.022000 30.913374
0.023000 34.062035
0.024000 33.935318
0.025000 30.134062
0.026000 25.010580
0.027000 22.794882
0.028000 27.107647
0.029000 38.352745
0.030000 52.812962
0.031000 64.436089
0.032000 68.708824
0.033000 66.566765
0.034000 65.897072
0.035000 79.196152
0.036000 117.928001
0.037000 186.054337
0.038000 276.000793
0.039000 369.442780
0.040000 443.098541
0.041000 477.265381
0.042000 463.380432
0.043000 407.218414
0.044000 326.312073
0.045000 242.840164
0.046000 175.250854
0.047000 132.295456
0.048000 111.794212
0.049000 104.093056
0.050000 98.013351
0.051000 86.209358
0.052000 67.555687
0.053000 45.995674
0.054000 27.139168
0.055000 14.841084
0.056000 9.605521
0.057000 9.311994
0.058000 11.320420
0.059000 14.312598
0.060000 18.636497
0.061000 25.077755
0.062000 33.133003
0.063000 40.235329
0.064000 42.753521
0.065000 38.334942
0.066000 28.107498
0.067000 17.102526
0.068000 12.205166
0.069000 18.466785
0.070000 35.827770
0.071000 58.384460
0.072000 77.124863
0.073000 85.108177
0.074000 82.464104
0.075000 78.289803
0.076000 87.836983
0.077000 125.752975
0.078000 198.326080
0.079000 298.545532
0.080000 406.715759
0.081000 496.830627
0.082000 546.161194
0.083000 543.849609
0.084000 494.706299
0.085000 416.600464
0.086000 332.785736
0.087000 262.772186
0.088000 215.800781
0.089000 189.496109
0.090000 173.666412
0.091000 156.832336
0.092000 132.054962
0.093000 99.424629
0.094000 64.567886
0.095000 34.629890
0.096000 14.273442
0.097000 3.847555
0.098000 0.350336
0.099000 0.133674
