0 0 0
1 0 1
2 0 3
3 0 4
4 0 5
5 0 7
6 0 8
7 0 10
8 0 11
9 0 12
10 0 14
11 0 15
12 0 16
13 0 18
14 0 19
15 0 20
16 0 22
17 0 23
18 0 24
19 0 26
20 0 27
21 0 29
22 0 30
23 0 31
24 0 33
25 0 34
26 0 35
27 0 37
28 0 38
29 0 39
30 0 41
31 0 42
32 0 43
33 0 45
34 0 46
35 0 48
36 0 49
37 0 50
38 0 52
39 0 53
40 0 54
41 0 56
42 0 57
43 0 58
44 0 60
45 0 61
46 0 62
47 0 64
48 0 65
49 0 67
50 0 68
51 0 69
52 0 71
53 0 72
54 0 73
55 0 75
56 0 76
57 0 77
58 0 79
59 0 80
60 0 81
61 0 83
62 0 84
63 0 86
64 0 87
65 0 88
66 0 90
67 0 91
68 0 92
69 0 94
70 0 95
71 0 96
72 0 98
73 0 99
74 0 100
75 0 102
76 0 103
77 0 105
78 0 106
79 0 107
80 0 109
81 0 110
82 0 111
83 0 113
84 0 114
85 0 115
86 0 117
87 0 118
88 0 119
89 0 121
90 0 122
91 0 124
92 0 125
93 0 126
94 0 128
95 0 129
96 0 130
97 0 132
98 0 133
99 0 134
100 0 136
101 0 137
102 0 138
103 0 140
104 0 141
105 0 143
106 0 144
107 0 145
108 0 147
109 0 148
110 0 149
111 0 151
112 0 152
113 0 153
114 0 155
115 0 156
116 0 157
117 0 159
118 0 160
119 0 162
120 0 163
121 0 164
122 0 166
123 0 167
124 0 168
125 0 170
126 0 171
127 0 172
128 0 174
129 0 175
130 0 176
131 0 178
132 0 179
133 0 181
134 0 182
135 0 183
136 0 185
137 0 186
138 0 187
139 0 189
140 0 190
141 0 191
142 0 193
143 0 194
144 0 195
145 0 197
146 0 198
147 0 200
148 0 201
149 0 202
150 0 204
151 0 205
152 0 206
153 0 208
154 0 209
155 0 210
156 0 212
157 0 213
158 0 214
159 0 216
160 0 217
161 0 219
162 0 220
163 0 221
164 0 223
165 0 224
166 0 225
167 0 227
168 0 228
169 0 229
170 0 231
171 0 232
172 0 233
173 0 235
174 0 236
175 0 238
176 0 239
177 0 240
178 0 242
179 0 243
180 0 244
181 0 246
182 0 247
183 0 248
184 0 250
185 0 251
186 0 252
187 0 254
188 0 255
189 0 257
190 0 258
191 0 259
192 0 261
193 0 262
194 0 263
195 0 265
196 0 266
197 0 267
198 0 269
199 0 270
200 0 271
201 0 273
202 0 274
203 0 276
204 0 277
205 0 278
206 0 280
207 0 281
208 0 282
209 0 284
210 0 285
211 0 286
212 0 288
213 0 289
214 0 290
215 0 292
216 0 293
217 0 295
218 0 296
219 0 297
220 0 299
221 0 300
222 0 301
223 0 303
224 0 304
225 0 305
226 0 307
227 0 308
228 0 309
229 0 311
230 0 312
231 0 314
232 0 315
233 0 316
234 0 318
235 0 319
236 0 320
237 0 322
238 0 323
239 0 324
240 0 326
241 0 327
242 0 328
243 0 330
244 0 331
245 0 333
246 0 334
247 0 335
248 0 337
249 0 338
250 0 339
251 0 341
252 0 342
253 0 343
254 0 345
255 0 346
256 0 347
257 0 349
258 0 350
259 0 352
260 0 353
261 0 354
262 0 356
263 0 357
264 0 358
265 0 360
266 0 361
267 0 362
268 0 364
269 0 365
270 0 366
271 0 368
272 0 369
273 0 371
274 0 372
275 0 373
276 0 375
277 0 376
278 0 377
279 0 379
280 0 380
281 0 381
282 0 383
283 0 384
284 0 385
285 0 387
286 0 388
287 0 390
288 0 391
289 0 392
290 0 394
291 0 395
292 0 396
293 0 398
294 0 399
295 0 400
296 0 402
297 0 403
298 0 404
299 0 406
300 0 407
301 0 409
302 0 410
303 0 411
304 0 413
305 0 414
306 0 415
307 0 417
308 0 418
309 0 419
310 0 421
311 0 422
312 0 423
313 0 425
314 0 426
315 0 428
316 0 429
317 0 430
318 0 432
319 0 433
320 0 434
321 0 436
322 0 437
323 0 438
324 0 440
325 0 441
326 0 442
327 0 444
328 0 445
329 0 447
330 0 448
331 0 449
332 0 451
333 0 452
334 0 453
335 0 455
336 0 456
337 0 457
338 0 459
339 0 460
340 0 461
341 0 463
342 0 464
343 0 466
344 0 467
345 0 468
346 0 470
347 0 471
348 0 472
349 0 474
350 0 475
351 0 476
352 0 478
353 0 479
354 0 480
355 0 482
356 0 483
357 0 485
358 0 486
359 0 487
360 0 489
361 0 490
362 0 491
363 0 493
364 0 494
365 0 495
366 0 497
367 0 498
368 0 499
369 0 501
370 0 502
371 0 504
372 0 505
373 0 506
374 0 508
375 0 509
376 0 510
377 0 512
378 0 513
379 0 514
380 0 516
381 0 517
382 0 518
383 0 520
384 0 521
385 0 523
386 0 524
387 0 525
388 0 527
389 0 528
390 0 529
391 0 531
392 0 532
393 0 533
394 0 535
395 0 536
396 0 537
397 0 539
398 0 540
399 0 542
400 0 543
401 0 544
402 0 546
403 0 547
404 0 548
405 0 550
406 0 551
407 0 552
408 0 554
409 0 555
410 0 556
411 0 558
412 0 559
413 0 561
414 0 562
415 0 563
416 0 565
417 0 566
418 0 567
419 0 569
420 0 570
421 0 571
422 0 573
423 0 574
424 0 575
425 0 577
426 0 578
427 0 580
428 0 581
429 0 582
430 0 584
431 0 585
432 0 586
433 0 588
434 0 589
435 0 590
436 0 592
437 0 593
438 0 594
439 0 596
440 0 597
441 0 599
442 0 600
443 0 601
444 0 603
445 0 604
446 0 605
447 0 607
448 0 608
449 0 609
450 0 611
451 0 612
452 0 613
453 0 615
454 0 616
455 0 618
456 0 619
457 0 620
458 0 622
459 0 623
460 0 624
461 0 626
462 0 627
463 0 628
464 0 630
465 0 631
466 0 632
467 0 634
468 0 635
469 0 637
470 0 638
471 0 639
472 0 641
473 0 642
474 0 643
475 0 645
476 0 646
477 0 647
478 0 649
479 0 650
480 0 651
481 0 653
482 0 654
483 0 656
484 0 657
485 0 658
486 0 660
487 0 661
488 0 662
489 0 664
490 0 665
491 0 666
492 0 668
493 0 669
494 0 670
495 0 672
496 0 673
497 0 675
498 0 676
499 0 677
500 0 679
501 0 680
502 0 681
503 0 683
504 0 684
505 0 685
506 0 687
507 0 688
508 0 689
509 0 691
510 0 692
511 0 694
512 0 695
513 0 696
514 0 698
515 0 699
516 0 700
517 0 702
518 0 703
519 0 704
520 0 706
521 0 707
522 0 708
523 0 710
524 0 711
525 0 713
526 0 714
527 0 715
528 0 717
529 0 718
530 0 719
531 0 721
532 0 722
533 0 723
534 0 725
535 0 726
536 0 727
537 0 729
538 0 730
539 0 732
540 0 733
541 0 734
542 0 736
543 0 737
544 0 738
545 0 740
546 0 741
547 0 742
548 0 744
549 0 745
550 0 746
551 0 748
552 0 749
553 0 751
554 0 752
555 0 753
556 0 755
557 0 756
558 0 757
559 0 759
560 0 760
561 0 761
562 0 763
563 0 764
564 0 765
565 0 767
566 0 768
567 0 770
568 0 771
569 0 772
570 0 774
571 0 775
572 0 776
573 0 778
574 0 779
575 0 780
576 0 782
577 0 783
578 0 784
579 0 786
580 0 787
581 0 789
582 0 790
583 0 791
584 0 793
585 0 794
586 0 795
587 0 797
588 0 798
589 0 799
590 0 801
591 0 802
592 0 803
593 0 805
594 0 806
595 0 808
596 0 809
597 0 810
598 0 812
599 0 813
600 0 814
601 0 816
602 0 817
603 0 818
604 0 820
605 0 821
606 0 822
607 0 824
608 0 825
609 0 827
610 0 828
611 0 829
612 0 831
613 0 832
614 0 833
615 0 835
616 0 836
617 0 837
618 0 839
619 0 840
620 0 841
621 0 843
622 0 844
623 0 846
624 0 847
625 0 849
626 0 851
627 0 854
628 0 856
629 0 858
630 0 860
631 0 863
632 0 865
633 0 867
634 0 870
635 0 872
636 0 874
637 0 876
638 0 879
639 0 881
640 0 883
641 0 885
642 0 888
643 0 890
644 0 892
645 0 894
646 0 897
647 0 899
648 0 901
649 0 903
650 0 906
651 0 908
652 0 910
653 0 912
654 0 915
655 0 917
656 0 919
657 0 922
658 0 924
659 0 926
660 0 928
661 0 931
662 0 933
663 0 935
664 0 937
665 0 940
666 0 942
667 0 944
668 0 946
669 0 949
670 0 951
671 0 953
672 0 955
673 0 958
674 0 960
675 0 962
676 0 965
677 0 967
678 0 969
679 0 971
680 0 974
681 0 976
682 0 978
683 0 980
684 0 983
685 0 985
686 0 987
687 0 989
688 0 992
689 0 994
690 0 996
691 0 998
692 0 1001
693 0 1003
694 0 1005
695 0 1007
696 0 1010
697 0 1012
698 0 1014
699 0 1017
700 0 1019
701 0 1021
702 0 1023
703 0 1026
704 0 1028
705 0 1030
706 0 1032
707 0 1035
708 0 1037
709 0 1039
710 0 1041
711 0 1044
712 0 1046
713 0 1048
714 0 1050
715 0 1053
716 0 1055
717 0 1057
718 0 1060
719 0 1062
720 0 1064
721 0 1066
722 0 1069
723 0 1071
724 0 1073
725 0 1075
726 0 1078
727 0 1080
728 0 1082
729 0 1084
730 0 1087
731 0 1089
732 0 1091
733 0 1093
734 0 1096
735 0 1098
736 0 1100
737 0 1102
738 0 1105
739 0 1107
740 0 1109
741 0 1112
742 0 1114
743 0 1116
744 0 1118
745 0 1121
746 0 1123
747 0 1125
748 0 1127
749 0 1130
750 0 1132
751 0 1134
752 0 1136
753 0 1139
754 0 1141
755 0 1143
756 0 1145
757 0 1148
758 0 1150
759 0 1152
760 0 1155
761 0 1157
762 0 1159
763 0 1161
764 0 1164
765 0 1166
766 0 1168
767 0 1170
768 0 1173
769 0 1175
770 0 1177
771 0 1179
772 0 1182
773 0 1184
774 0 1186
775 0 1188
776 0 1191
777 0 1193
778 0 1195
779 0 1197
780 0 1200
781 0 1202
782 0 1204
783 0 1207
784 0 1209
785 0 1211
786 0 1213
787 0 1216
788 0 1218
789 0 1220
790 0 1222
791 0 1225
792 0 1227
793 0 1229
794 0 1231
795 0 1234
796 0 1236
797 0 1238
798 0 1240
799 0 1243
800 0 1245
801 0 1247
802 0 1250
803 0 1252
804 0 1254
805 0 1256
806 0 1259
807 0 1261
808 0 1263
809 0 1265
810 0 1268
811 0 1270
812 0 1272
813 0 1274
814 0 1277
815 0 1279
816 0 1281
817 0 1283
818 0 1286
819 0 1288
820 0 1290
821 0 1292
822 0 1295
823 0 1297
824 0 1299
825 0 1302
826 0 1304
827 0 1306
828 0 1308
829 0 1311
830 0 1313
831 0 1315
832 0 1317
833 0 1320
834 0 1322
835 0 1324
836 0 1326
837 0 1329
838 0 1331
839 0 1333
840 0 1335
841 0 1338
842 0 1340
843 0 1342
844 0 1345
845 0 1347
846 0 1349
847 0 1351
848 0 1354
849 0 1356
850 0 1358
851 0 1360
852 0 1363
853 0 1365
854 0 1367
855 0 1369
856 0 1372
857 0 1374
858 0 1376
859 0 1378
860 0 1381
861 0 1383
862 0 1385
863 0 1387
864 0 1390
865 0 1394
866 0 1399
867 0 1403
868 0 1408
869 0 1412
870 0 1417
871 0 1421
872 0 1426
873 0 1430
874 0 1435
875 0 1440
876 0 1444
877 0 1449
878 0 1453
879 0 1458
880 0 1462
881 0 1467
882 0 1471
883 0 1476
884 0 1480
885 0 1485
886 0 1489
887 0 1494
888 0 1498
889 0 1503
890 0 1507
891 0 1512
892 0 1516
893 0 1521
894 0 1525
895 0 1530
896 0 1535
897 0 1539
898 0 1544
899 0 1548
900 0 1553
901 0 1557
902 0 1562
903 0 1566
904 0 1571
905 0 1575
906 0 1580
907 0 1584
908 0 1589
909 0 1593
910 0 1598
911 0 1602
912 0 1607
913 0 1611
914 0 1616
915 0 1620
916 0 1625
917 0 1630
918 0 1634
919 0 1639
920 0 1643
921 0 1648
922 0 1652
923 0 1657
924 0 1661
925 0 1666
926 0 1670
927 0 1675
928 0 1679
929 0 1684
930 0 1688
931 0 1693
932 0 1697
933 0 1702
934 0 1706
935 0 1711
936 0 1715
937 0 1720
938 0 1725
939 0 1729
940 0 1734
941 0 1738
942 0 1743
943 0 1747
944 0 1752
945 0 1756
946 0 1761
947 0 1765
948 0 1770
949 0 1774
950 0 1779
951 0 1783
952 0 1788
953 0 1792
954 0 1797
955 0 1801
956 0 1806
957 0 1810
958 0 1815
959 0 1820
960 0 1824
961 0 1829
962 0 1833
963 0 1838
964 0 1842
965 0 1847
966 0 1851
967 0 1856
968 0 1860
969 0 1865
970 0 1869
971 0 1874
972 0 1878
973 0 1883
974 0 1887
975 0 1892
976 0 1896
977 0 1901
978 0 1905
979 0 1910
980 0 1915
981 0 1919
982 0 1924
983 0 1928
984 0 1933
985 0 1937
986 0 1942
987 0 1946
988 0 1951
989 0 1955
990 0 1960
991 0 1964
992 0 1969
993 0 1973
994 0 1978
995 0 1982
996 0 1987
997 0 1991
998 0 1996
999 0 2000
1000 0 2005
1001 0 2010
1002 0 2014
1003 0 2019
1004 0 2023
1005 0 2028
1006 0 2032
1007 0 2037
1008 0 2041
1009 0 2046
1010 0 2050
1011 0 2055
1012 0 2059
1013 0 2064
1014 0 2068
1015 0 2073
1016 0 2077
1017 0 2082
1018 0 2086
1019 0 2091
1020 0 2095
1021 0 2100
1022 0 2105
1023 0 2109
1024 0 2114
1025 0 2118
1026 0 2123
1027 0 2127
1028 0 2132
1029 0 2136
1030 0 2141
1031 0 2145
1032 0 2150
1033 0 2154
1034 0 2159
1035 0 2163
1036 0 2168
1037 0 2172
1038 0 2177
1039 0 2181
1040 0 2186
1041 0 2190
1042 0 2195
1043 0 2200
1044 0 2204
1045 0 2209
1046 0 2213
1047 0 2218
1048 0 2222
1049 0 2227
1050 0 2231
1051 0 2236
1052 0 2240
1053 0 2245
1054 0 2249
1055 0 2254
1056 0 2258
1057 0 2263
1058 0 2267
1059 0 2272
1060 0 2276
1061 0 2281
1062 0 2285
1063 0 2290
1064 0 2295
1065 0 2299
1066 0 2304
1067 0 2308
1068 0 2313
1069 0 2317
1070 0 2322
1071 0 2326
1072 0 2331
1073 0 2335
1074 0 2340
1075 0 2344
1076 0 2349
1077 0 2353
1078 0 2358
1079 0 2362
1080 0 2367
1081 0 2371
1082 0 2376
1083 0 2380
1084 0 2385
1085 0 2390
1086 0 2394
1087 0 2399
1088 0 2403
1089 0 2408
1090 0 2412
1091 0 2417
1092 0 2421
1093 0 2426
1094 0 2430
1095 0 2435
1096 0 2439
1097 0 2444
1098 0 2448
1099 0 2453
1100 0 2457
1101 0 2462
1102 0 2466
1103 0 2471
1104 0 2476
1105 0 2480
1106 0 2485
1107 0 2489
1108 0 2494
1109 0 2498
1110 0 2503
1111 0 2507
1112 0 2512
1113 0 2516
1114 0 2521
1115 0 2525
1116 0 2530
1117 0 2534
1118 0 2539
1119 0 2543
1120 0 2548
1121 0 2552
1122 0 2557
1123 0 2561
1124 0 2566
1125 0 2571
1126 0 2575
1127 0 2580
1128 0 2584
1129 0 2598
1130 0 2611
1131 0 2625
1132 0 2638
1133 0 2652
1134 0 2666
1135 0 2679
1136 0 2693
1137 0 2706
1138 0 2720
1139 0 2733
1140 0 2747
1141 0 2761
1142 0 2774
1143 0 2788
1144 0 2801
1145 0 2815
1146 0 2828
1147 0 2842
1148 0 2856
1149 0 2869
1150 0 2883
1151 0 2896
1152 0 2910
1153 0 2923
1154 0 2937
1155 0 2951
1156 0 2964
1157 0 2978
1158 0 2991
1159 0 3005
1160 0 3018
1161 0 3032
1162 0 3046
1163 0 3059
1164 0 3073
1165 0 3086
1166 0 3100
1167 0 3113
1168 0 3127
1169 0 3141
1170 0 3154
1171 0 3168
1172 0 3181
1173 0 3195
1174 0 3208
1175 0 3222
1176 0 3236
1177 0 3249
1178 0 3263
1179 0 3276
1180 0 3290
1181 0 3303
1182 0 3317
1183 0 3331
1184 0 3344
1185 0 3358
1186 0 3371
1187 0 3385
1188 0 3398
1189 0 3412
1190 0 3426
1191 0 3439
1192 0 3453
1193 0 3466
1194 0 3480
1195 0 3493
1196 0 3507
1197 0 3521
1198 0 3534
1199 0 3548
1200 0 3561
1201 0 3575
1202 0 3588
1203 0 3602
1204 0 3616
1205 0 3629
1206 0 3643
1207 0 3656
1208 0 3670
1209 0 3683
1210 0 3697
1211 0 3711
1212 0 3724
1213 0 3738
1214 0 3751
1215 0 3765
1216 0 3778
1217 0 3792
1218 0 3806
1219 0 3819
1220 0 3833
1221 0 3846
1222 0 3860
1223 0 3873
1224 0 3887
1225 0 3901
1226 0 3914
1227 0 3928
1228 0 3941
1229 0 3955
1230 0 3968
1231 0 3982
1232 0 3996
1233 0 4009
1234 0 4023
1235 0 4036
1236 0 4050
1237 0 4063
1238 0 4077
1239 0 4091
1240 0 4104
1241 0 4118
1242 0 4131
1243 0 4145
1244 0 4158
1245 0 4172
1246 0 4186
1247 0 4199
1248 0 4213
1249 0 4226
1250 0 4240
1251 0 4253
1252 0 4267
1253 0 4281
1254 0 4294
1255 0 4308
1256 0 4321
1257 0 4335
1258 0 4348
1259 0 4362
1260 0 4376
1261 0 4389
1262 0 4403
1263 0 4416
1264 0 4430
1265 0 4443
1266 0 4457
1267 0 4471
1268 0 4484
1269 0 4498
1270 0 4511
1271 0 4525
