1272
 0.000000
 0.300000
 0.600000
 0.900000
 1.200000
 1.500000
 1.800000
 2.100000
 2.400000
 2.700000
 3.000000
 3.300000
 3.600000
 3.900000
 4.200000
 4.500000
 4.800000
 5.100000
 5.400000
 5.700000
 6.000000
 6.300000
 6.600000
 6.900000
 7.200000
 7.500000
 7.800000
 8.100000
 8.400000
 8.700000
 9.000000
 9.300000
 9.600000
 9.900000
 10.200000
 10.500000
 10.800000
 11.100000
 11.400000
 11.700000
 12.000000
 12.300000
 12.600000
 12.900000
 13.200000
 13.500000
 13.800000
 14.100000
 14.400000
 14.700000
 15.000000
 15.300000
 15.600000
 15.900000
 16.200000
 16.500000
 16.800000
 17.100000
 17.400000
 17.700000
 18.000000
 18.300000
 18.600000
 18.900000
 19.200000
 19.500000
 19.800000
 20.100000
 20.400000
 20.700000
 21.000000
 21.300000
 21.600000
 21.900000
 22.200000
 22.500000
 22.800000
 23.100000
 23.400000
 23.700000
 24.000000
 24.300000
 24.600000
 24.900000
 25.200000
 25.500000
 25.800000
 26.100000
 26.400000
 26.700000
 27.000000
 27.300000
 27.600000
 27.900000
 28.200000
 28.500000
 28.800000
 29.100000
 29.400000
 29.700000
 30.000000
 30.300000
 30.600000
 30.900000
 31.200000
 31.500000
 31.800000
 32.100000
 32.400000
 32.700000
 33.000000
 33.300000
 33.600000
 33.900000
 34.200000
 34.500000
 34.800000
 35.100000
 35.400000
 35.700000
 36.000000
 36.300000
 36.600000
 36.900000
 37.200000
 37.500000
 37.800000
 38.100000
 38.400000
 38.700000
 39.000000
 39.300000
 39.600000
 39.900000
 40.200000
 40.500000
 40.800000
 41.100000
 41.400000
 41.700000
 42.000000
 42.300000
 42.600000
 42.900000
 43.200000
 43.500000
 43.800000
 44.100000
 44.400000
 44.700000
 45.000000
 45.300000
 45.600000
 45.900000
 46.200000
 46.500000
 46.800000
 47.100000
 47.400000
 47.700000
 48.000000
 48.300000
 48.600000
 48.900000
 49.200000
 49.500000
 49.800000
 50.100000
 50.400000
 50.700000
 51.000000
 51.300000
 51.600000
 51.900000
 52.200000
 52.500000
 52.800000
 53.100000
 53.400000
 53.700000
 54.000000
 54.300000
 54.600000
 54.900000
 55.200000
 55.500000
 55.800000
 56.100000
 56.400000
 56.700000
 57.000000
 57.300000
 57.600000
 57.900000
 58.200000
 58.500000
 58.800000
 59.100000
 59.400000
 59.700000
 60.000000
 60.300000
 60.600000
 60.900000
 61.200000
 61.500000
 61.800000
 62.100000
 62.400000
 62.700000
 63.000000
 63.300000
 63.600000
 63.900000
 64.200000
 64.500000
 64.800000
 65.100000
 65.400000
 65.700000
 66.000000
 66.300000
 66.600000
 66.900000
 67.200000
 67.500000
 67.800000
 68.100000
 68.400000
 68.700000
 69.000000
 69.300000
 69.600000
 69.900000
 70.200000
 70.500000
 70.800000
 71.100000
 71.400000
 71.700000
 72.000000
 72.300000
 72.600000
 72.900000
 73.200000
 73.500000
 73.800000
 74.100000
 74.400000
 74.700000
 75.000000
 75.300000
 75.600000
 75.900000
 76.200000
 76.500000
 76.800000
 77.100000
 77.400000
 77.700000
 78.000000
 78.300000
 78.600000
 78.900000
 79.200000
 79.500000
 79.800000
 80.100000
 80.400000
 80.700000
 81.000000
 81.300000
 81.600000
 81.900000
 82.200000
 82.500000
 82.800000
 83.100000
 83.400000
 83.700000
 84.000000
 84.300000
 84.600000
 84.900000
 85.200000
 85.500000
 85.800000
 86.100000
 86.400000
 86.700000
 87.000000
 87.300000
 87.600000
 87.900000
 88.200000
 88.500000
 88.800000
 89.100000
 89.400000
 89.700000
 90.000000
 90.300000
 90.600000
 90.900000
 91.200000
 91.500000
 91.800000
 92.100000
 92.400000
 92.700000
 93.000000
 93.300000
 93.600000
 93.900000
 94.200000
 94.500000
 94.800000
 95.100000
 95.400000
 95.700000
 96.000000
 96.300000
 96.600000
 96.900000
 97.200000
 97.500000
 97.800000
 98.100000
 98.400000
 98.700000
 99.000000
 99.300000
 99.600000
 99.900000
 100.200000
 100.500000
 100.800000
 101.100000
 101.400000
 101.700000
 102.000000
 102.300000
 102.600000
 102.900000
 103.200000
 103.500000
 103.800000
 104.100000
 104.400000
 104.700000
 105.000000
 105.300000
 105.600000
 105.900000
 106.200000
 106.500000
 106.800000
 107.100000
 107.400000
 107.700000
 108.000000
 108.300000
 108.600000
 108.900000
 109.200000
 109.500000
 109.800000
 110.100000
 110.400000
 110.700000
 111.000000
 111.300000
 111.600000
 111.900000
 112.200000
 112.500000
 112.800000
 113.100000
 113.400000
 113.700000
 114.000000
 114.300000
 114.600000
 114.900000
 115.200000
 115.500000
 115.800000
 116.100000
 116.400000
 116.700000
 117.000000
 117.300000
 117.600000
 117.900000
 118.200000
 118.500000
 118.800000
 119.100000
 119.400000
 119.700000
 120.000000
 120.300000
 120.600000
 120.900000
 121.200000
 121.500000
 121.800000
 122.100000
 122.400000
 122.700000
 123.000000
 123.300000
 123.600000
 123.900000
 124.200000
 124.500000
 124.800000
 125.100000
 125.400000
 125.700000
 126.000000
 126.300000
 126.600000
 126.900000
 127.200000
 127.500000
 127.800000
 128.100000
 128.400000
 128.700000
 129.000000
 129.300000
 129.600000
 129.900000
 130.200000
 130.500000
 130.800000
 131.100000
 131.400000
 131.700000
 132.000000
 132.300000
 132.600000
 132.900000
 133.200000
 133.500000
 133.800000
 134.100000
 134.400000
 134.700000
 135.000000
 135.300000
 135.600000
 135.900000
 136.200000
 136.500000
 136.800000
 137.100000
 137.400000
 137.700000
 138.000000
 138.300000
 138.600000
 138.900000
 139.200000
 139.500000
 139.800000
 140.100000
 140.400000
 140.700000
 141.000000
 141.300000
 141.600000
 141.900000
 142.200000
 142.500000
 142.800000
 143.100000
 143.400000
 143.700000
 144.000000
 144.300000
 144.600000
 144.900000
 145.200000
 145.500000
 145.800000
 146.100000
 146.400000
 146.700000
 147.000000
 147.300000
 147.600000
 147.900000
 148.200000
 148.500000
 148.800000
 149.100000
 149.400000
 149.700000
 150.000000
 150.300000
 150.600000
 150.900000
 151.200000
 151.500000
 151.800000
 152.100000
 152.400000
 152.700000
 153.000000
 153.300000
 153.600000
 153.900000
 154.200000
 154.500000
 154.800000
 155.100000
 155.400000
 155.700000
 156.000000
 156.300000
 156.600000
 156.900000
 157.200000
 157.500000
 157.800000
 158.100000
 158.400000
 158.700000
 159.000000
 159.300000
 159.600000
 159.900000
 160.200000
 160.500000
 160.800000
 161.100000
 161.400000
 161.700000
 162.000000
 162.300000
 162.600000
 162.900000
 163.200000
 163.500000
 163.800000
 164.100000
 164.400000
 164.700000
 165.000000
 165.300000
 165.600000
 165.900000
 166.200000
 166.500000
 166.800000
 167.100000
 167.400000
 167.700000
 168.000000
 168.300000
 168.600000
 168.900000
 169.200000
 169.500000
 169.800000
 170.100000
 170.400000
 170.700000
 171.000000
 171.300000
 171.600000
 171.900000
 172.200000
 172.500000
 172.800000
 173.100000
 173.400000
 173.700000
 174.000000
 174.300000
 174.600000
 174.900000
 175.200000
 175.500000
 175.800000
 176.100000
 176.400000
 176.700000
 177.000000
 177.300000
 177.600000
 177.900000
 178.200000
 178.500000
 178.800000
 179.100000
 179.400000
 179.700000
 180.000000
 180.300000
 180.600000
 180.900000
 181.200000
 181.500000
 181.800000
 182.100000
 182.400000
 182.700000
 183.000000
 183.300000
 183.600000
 183.900000
 184.200000
 184.500000
 184.800000
 185.100000
 185.400000
 185.700000
 186.000000
 186.300000
 186.600000
 186.900000
 187.200000
 187.700000
 188.200000
 188.700000
 189.200000
 189.700000
 190.200000
 190.700000
 191.200000
 191.700000
 192.200000
 192.700000
 193.200000
 193.700000
 194.200000
 194.700000
 195.200000
 195.700000
 196.200000
 196.700000
 197.200000
 197.700000
 198.200000
 198.700000
 199.200000
 199.700000
 200.200000
 200.700000
 201.200000
 201.700000
 202.200000
 202.700000
 203.200000
 203.700000
 204.200000
 204.700000
 205.200000
 205.700000
 206.200000
 206.700000
 207.200000
 207.700000
 208.200000
 208.700000
 209.200000
 209.700000
 210.200000
 210.700000
 211.200000
 211.700000
 212.200000
 212.700000
 213.200000
 213.700000
 214.200000
 214.700000
 215.200000
 215.700000
 216.200000
 216.700000
 217.200000
 217.700000
 218.200000
 218.700000
 219.200000
 219.700000
 220.200000
 220.700000
 221.200000
 221.700000
 222.200000
 222.700000
 223.200000
 223.700000
 224.200000
 224.700000
 225.200000
 225.700000
 226.200000
 226.700000
 227.200000
 227.700000
 228.200000
 228.700000
 229.200000
 229.700000
 230.200000
 230.700000
 231.200000
 231.700000
 232.200000
 232.700000
 233.200000
 233.700000
 234.200000
 234.700000
 235.200000
 235.700000
 236.200000
 236.700000
 237.200000
 237.700000
 238.200000
 238.700000
 239.200000
 239.700000
 240.200000
 240.700000
 241.200000
 241.700000
 242.200000
 242.700000
 243.200000
 243.700000
 244.200000
 244.700000
 245.200000
 245.700000
 246.200000
 246.700000
 247.200000
 247.700000
 248.200000
 248.700000
 249.200000
 249.700000
 250.200000
 250.700000
 251.200000
 251.700000
 252.200000
 252.700000
 253.200000
 253.700000
 254.200000
 254.700000
 255.200000
 255.700000
 256.200000
 256.700000
 257.200000
 257.700000
 258.200000
 258.700000
 259.200000
 259.700000
 260.200000
 260.700000
 261.200000
 261.700000
 262.200000
 262.700000
 263.200000
 263.700000
 264.200000
 264.700000
 265.200000
 265.700000
 266.200000
 266.700000
 267.200000
 267.700000
 268.200000
 268.700000
 269.200000
 269.700000
 270.200000
 270.700000
 271.200000
 271.700000
 272.200000
 272.700000
 273.200000
 273.700000
 274.200000
 274.700000
 275.200000
 275.700000
 276.200000
 276.700000
 277.200000
 277.700000
 278.200000
 278.700000
 279.200000
 279.700000
 280.200000
 280.700000
 281.200000
 281.700000
 282.200000
 282.700000
 283.200000
 283.700000
 284.200000
 284.700000
 285.200000
 285.700000
 286.200000
 286.700000
 287.200000
 287.700000
 288.200000
 288.700000
 289.200000
 289.700000
 290.200000
 290.700000
 291.200000
 291.700000
 292.200000
 292.700000
 293.200000
 293.700000
 294.200000
 294.700000
 295.200000
 295.700000
 296.200000
 296.700000
 297.200000
 297.700000
 298.200000
 298.700000
 299.200000
 299.700000
 300.200000
 300.700000
 301.200000
 301.700000
 302.200000
 302.700000
 303.200000
 303.700000
 304.200000
 304.700000
 305.200000
 305.700000
 306.200000
 306.700000
 307.200000
 308.200000
 309.200000
 310.200000
 311.200000
 312.200000
 313.200000
 314.200000
 315.200000
 316.200000
 317.200000
 318.200000
 319.200000
 320.200000
 321.200000
 322.200000
 323.200000
 324.200000
 325.200000
 326.200000
 327.200000
 328.200000
 329.200000
 330.200000
 331.200000
 332.200000
 333.200000
 334.200000
 335.200000
 336.200000
 337.200000
 338.200000
 339.200000
 340.200000
 341.200000
 342.200000
 343.200000
 344.200000
 345.200000
 346.200000
 347.200000
 348.200000
 349.200000
 350.200000
 351.200000
 352.200000
 353.200000
 354.200000
 355.200000
 356.200000
 357.200000
 358.200000
 359.200000
 360.200000
 361.200000
 362.200000
 363.200000
 364.200000
 365.200000
 366.200000
 367.200000
 368.200000
 369.200000
 370.200000
 371.200000
 372.200000
 373.200000
 374.200000
 375.200000
 376.200000
 377.200000
 378.200000
 379.200000
 380.200000
 381.200000
 382.200000
 383.200000
 384.200000
 385.200000
 386.200000
 387.200000
 388.200000
 389.200000
 390.200000
 391.200000
 392.200000
 393.200000
 394.200000
 395.200000
 396.200000
 397.200000
 398.200000
 399.200000
 400.200000
 401.200000
 402.200000
 403.200000
 404.200000
 405.200000
 406.200000
 407.200000
 408.200000
 409.200000
 410.200000
 411.200000
 412.200000
 413.200000
 414.200000
 415.200000
 416.200000
 417.200000
 418.200000
 419.200000
 420.200000
 421.200000
 422.200000
 423.200000
 424.200000
 425.200000
 426.200000
 427.200000
 428.200000
 429.200000
 430.200000
 431.200000
 432.200000
 433.200000
 434.200000
 435.200000
 436.200000
 437.200000
 438.200000
 439.200000
 440.200000
 441.200000
 442.200000
 443.200000
 444.200000
 445.200000
 446.200000
 447.200000
 448.200000
 449.200000
 450.200000
 451.200000
 452.200000
 453.200000
 454.200000
 455.200000
 456.200000
 457.200000
 458.200000
 459.200000
 460.200000
 461.200000
 462.200000
 463.200000
 464.200000
 465.200000
 466.200000
 467.200000
 468.200000
 469.200000
 470.200000
 471.200000
 472.200000
 473.200000
 474.200000
 475.200000
 476.200000
 477.200000
 478.200000
 479.200000
 480.200000
 481.200000
 482.200000
 483.200000
 484.200000
 485.200000
 486.200000
 487.200000
 488.200000
 489.200000
 490.200000
 491.200000
 492.200000
 493.200000
 494.200000
 495.200000
 496.200000
 497.200000
 498.200000
 499.200000
 500.200000
 501.200000
 502.200000
 503.200000
 504.200000
 505.200000
 506.200000
 507.200000
 508.200000
 509.200000
 510.200000
 511.200000
 512.200000
 513.200000
 514.200000
 515.200000
 516.200000
 517.200000
 518.200000
 519.200000
 520.200000
 521.200000
 522.200000
 523.200000
 524.200000
 525.200000
 526.200000
 527.200000
 528.200000
 529.200000
 530.200000
 531.200000
 532.200000
 533.200000
 534.200000
 535.200000
 536.200000
 537.200000
 538.200000
 539.200000
 540.200000
 541.200000
 542.200000
 543.200000
 544.200000
 545.200000
 546.200000
 547.200000
 548.200000
 549.200000
 550.200000
 551.200000
 552.200000
 553.200000
 554.200000
 555.200000
 556.200000
 557.200000
 558.200000
 559.200000
 560.200000
 561.200000
 562.200000
 563.200000
 564.200000
 565.200000
 566.200000
 567.200000
 568.200000
 569.200000
 570.200000
 571.200000
 574.200000
 577.200000
 580.200000
 583.200000
 586.200000
 589.200000
 592.200000
 595.200000
 598.200000
 601.200000
 604.200000
 607.200000
 610.200000
 613.200000
 616.200000
 619.200000
 622.200000
 625.200000
 628.200000
 631.200000
 634.200000
 637.200000
 640.200000
 643.200000
 646.200000
 649.200000
 652.200000
 655.200000
 658.200000
 661.200000
 664.200000
 667.200000
 670.200000
 673.200000
 676.200000
 679.200000
 682.200000
 685.200000
 688.200000
 691.200000
 694.200000
 697.200000
 700.200000
 703.200000
 706.200000
 709.200000
 712.200000
 715.200000
 718.200000
 721.200000
 724.200000
 727.200000
 730.200000
 733.200000
 736.200000
 739.200000
 742.200000
 745.200000
 748.200000
 751.200000
 754.200000
 757.200000
 760.200000
 763.200000
 766.200000
 769.200000
 772.200000
 775.200000
 778.200000
 781.200000
 784.200000
 787.200000
 790.200000
 793.200000
 796.200000
 799.200000
 802.200000
 805.200000
 808.200000
 811.200000
 814.200000
 817.200000
 820.200000
 823.200000
 826.200000
 829.200000
 832.200000
 835.200000
 838.200000
 841.200000
 844.200000
 847.200000
 850.200000
 853.200000
 856.200000
 859.200000
 862.200000
 865.200000
 868.200000
 871.200000
 874.200000
 877.200000
 880.200000
 883.200000
 886.200000
 889.200000
 892.200000
 895.200000
 898.200000
 901.200000
 904.200000
 907.200000
 910.200000
 913.200000
 916.200000
 919.200000
 922.200000
 925.200000
 928.200000
 931.200000
 934.200000
 937.200000
 940.200000
 943.200000
 946.200000
 949.200000
 952.200000
 955.200000
 958.200000
 961.200000
 964.200000
 967.200000
 970.200000
 973.200000
 976.200000
 979.200000
 982.200000
 985.200000
 988.200000
 991.200000
 994.200000
 997.200000
 1000.200000
